-0.00000  0.00001  -0.00002  0.00001  -0.00001  -0.00001  -0.00002  0.00006  -0.00007  0.00006  0.00006  0.00002  -0.00001  -0.00002  0.00007  0.00000  0.00002  0.00006  0.00003  -0.00003  0.00007  0.00001  0.00005  0.00003  0.00003  0.00010  -0.00002  0.00009  -0.00006  -0.00001  -0.00006  0.00001  0.00000  0.00004
-0.00002  -0.00004  0.00000  -0.00002  0.00003  0.00005  0.00002  -0.00000  0.00004  0.00004  -0.00001  0.00005  0.00002  0.00001  0.00009  -0.00004  -0.00001  0.00000  0.00007  0.00010  0.00007  0.00001  0.00001  0.00006  0.00013  0.00001  0.00002  0.00001  0.00007  0.00001  -0.00002  0.00003  -0.00004  0.00003
0.00005  0.00003  0.00006  -0.00007  0.00004  0.00005  0.00002  0.00003  0.00001  0.00001  -0.00001  0.00005  0.00001  0.00003  0.00006  0.00002  -0.00000  0.00000  -0.00003  0.00002  0.00009  0.00002  0.00004  0.00007  0.00003  0.00006  0.00008  -0.00001  0.00002  0.00002  0.00001  0.00002  -0.00002  -0.00001
-0.00001  -0.00003  -0.00002  0.00001  0.00007  -0.00001  -0.00001  0.00002  0.00000  -0.00005  0.00002  0.00004  -0.00003  -0.00003  0.00007  0.00006  0.00005  0.00002  0.00005  0.00007  0.00005  0.00002  0.00005  0.00006  0.00005  0.00005  0.00007  0.00000  -0.00004  0.00005  0.00003  0.00003  0.00004  0.00004
0.00005  0.00001  0.00005  0.00001  0.00003  0.00004  -0.00003  0.00002  0.00002  0.00002  0.00009  0.00005  0.00004  0.00004  -0.00004  0.00006  0.00003  0.00003  -0.00003  0.00001  0.00005  0.00003  0.00005  0.00009  0.00005  -0.00000  0.00003  0.00005  -0.00000  0.00008  0.00006  -0.00000  0.00000  -0.00006
0.00004  0.00004  0.00005  0.00001  0.00005  -0.00001  0.00001  0.00004  0.00007  0.00002  0.00014  0.00003  0.00002  0.00007  0.00003  0.00006  0.00006  0.00007  -0.00003  0.00011  0.00008  0.00012  0.00002  0.00014  0.00008  0.00012  0.00003  0.00005  0.00004  0.00003  -0.00002  0.00006  0.00004  0.00004
0.00003  0.00002  0.00005  0.00007  0.00004  0.00002  0.00003  0.00006  0.00001  0.00005  0.00003  0.00004  0.00001  0.00010  0.00010  0.00012  0.00008  0.00003  0.00008  0.00007  0.00014  0.00015  0.00011  0.00004  0.00007  -0.00002  -0.00000  0.00015  0.00013  0.00004  0.00001  0.00005  0.00006  0.00002
0.00003  0.00000  0.00003  0.00010  -0.00003  0.00006  0.00002  -0.00003  0.00005  0.00008  0.00002  0.00017  0.00001  0.00007  0.00004  0.00007  0.00012  0.00008  0.00005  0.00019  0.00021  0.00015  0.00010  0.00009  0.00010  0.00003  -0.00002  0.00007  0.00010  -0.00000  0.00003  -0.00001  0.00002  0.00002
0.00001  0.00001  0.00005  -0.00005  0.00001  -0.00000  -0.00000  0.00000  0.00006  0.00009  0.00010  0.00016  0.00014  0.00007  0.00014  0.00015  0.00006  0.00010  0.00013  0.00025  0.00026  0.00016  0.00008  0.00016  0.00007  0.00006  0.00013  0.00005  0.00005  -0.00001  0.00006  0.00007  0.00003  0.00002
0.00003  0.00004  0.00004  0.00003  -0.00004  0.00003  0.00003  0.00000  0.00004  0.00012  0.00011  0.00009  0.00017  0.00008  0.00008  0.00018  0.00014  0.00021  0.00023  0.00019  0.00020  0.00018  0.00010  0.00003  0.00010  0.00014  0.00011  0.00008  0.00004  0.00003  0.00015  0.00005  0.00007  0.00006
-0.00002  0.00001  0.00009  0.00004  -0.00001  0.00007  0.00003  0.00006  0.00012  0.00016  0.00014  0.00013  0.00017  0.00018  0.00030  0.00034  0.00044  0.00051  0.00038  0.00028  0.00016  0.00022  0.00005  0.00008  0.00001  0.00002  0.00006  0.00000  0.00008  0.00006  0.00003  0.00007  0.00001  0.00001
0.00006  0.00009  0.00010  0.00002  0.00006  0.00002  0.00006  0.00005  0.00013  0.00013  0.00016  0.00018  0.00021  0.00051  0.00047  0.00047  0.00055  0.00062  0.00050  0.00047  0.00051  0.00033  0.00019  0.00014  0.00011  0.00008  0.00005  0.00003  0.00012  0.00008  0.00001  0.00004  0.00001  0.00003
0.00011  -0.00001  -0.00002  -0.00002  0.00003  0.00010  0.00004  -0.00000  0.00007  0.00015  0.00012  0.00024  0.00036  0.00050  0.00044  0.00054  0.00049  0.00060  0.00069  0.00068  0.00062  0.00046  0.00021  0.00015  0.00009  0.00009  0.00003  0.00008  0.00005  0.00003  0.00004  0.00004  -0.00001  -0.00002
0.00005  0.00008  -0.00002  0.00007  0.00003  0.00006  0.00003  0.00004  0.00004  -0.00001  0.00018  0.00052  0.00052  0.00039  0.00055  0.00071  0.00095  0.00071  0.00080  0.00066  0.00052  0.00053  0.00040  0.00023  0.00014  0.00004  0.00008  0.00005  0.00005  -0.00003  -0.00002  0.00005  0.00001  -0.00001
0.00001  0.00011  0.00003  0.00002  0.00004  0.00010  0.00010  0.00010  0.00014  -0.00001  0.00028  0.00063  0.00063  0.00044  0.00066  0.00181  0.00449  0.00576  0.00325  0.00112  0.00057  0.00057  0.00065  0.00051  0.00013  0.00003  0.00003  0.00006  0.00000  -0.00003  0.00008  0.00001  -0.00001  0.00003
0.00001  0.00010  0.00007  0.00007  -0.00000  0.00010  0.00008  0.00004  0.00003  0.00006  0.00024  0.00039  0.00059  0.00049  0.00205  0.00748  0.01403  0.01647  0.01296  0.00379  0.00100  0.00062  0.00059  0.00059  0.00018  0.00011  0.00013  0.00006  0.00003  0.00009  0.00005  -0.00000  0.00003  0.00007
0.00007  0.00004  -0.00001  0.00003  0.00003  0.00008  0.00008  0.00010  0.00003  0.00012  0.00043  0.00055  0.00085  0.00082  0.00567  0.01151  0.03529  0.04508  0.01893  0.00961  0.00210  0.00060  0.00045  0.00041  0.00020  0.00014  0.00016  0.00011  0.00000  0.00003  -0.00001  0.00012  0.00002  0.00007
0.00000  0.00013  0.00008  0.00004  0.00003  0.00008  0.00005  0.00003  0.00009  0.00028  0.00059  0.00066  0.00065  0.00155  0.00743  0.02566  0.11345  0.13119  0.04431  0.01178  0.00443  0.00073  0.00057  0.00049  0.00037  0.00011  0.00012  0.00010  0.00004  0.00006  0.00005  0.00009  0.00007  0.00004
0.00004  0.00002  0.00002  -0.00003  0.00007  0.00008  0.00014  0.00015  0.00020  0.00032  0.00047  0.00060  0.00060  0.00141  0.00869  0.01718  0.07975  0.09120  0.02546  0.01285  0.00331  0.00088  0.00063  0.00057  0.00041  0.00017  0.00005  0.00005  0.00002  0.00000  0.00000  0.00008  0.00007  0.00001
0.00004  0.00006  -0.00000  -0.00001  0.00013  0.00010  0.00017  0.00015  0.00014  0.00019  0.00033  0.00048  0.00080  0.00094  0.00452  0.01142  0.01383  0.01275  0.01319  0.00671  0.00145  0.00093  0.00067  0.00039  0.00022  0.00009  0.00000  0.00007  0.00000  0.00012  0.00002  0.00007  0.00004  0.00007
0.00003  0.00001  0.00003  0.00003  0.00005  0.00013  0.00016  0.00022  0.00007  0.00021  0.00042  0.00062  0.00072  0.00081  0.00122  0.00350  0.00612  0.00719  0.00446  0.00170  0.00076  0.00058  0.00052  0.00019  0.00008  0.00011  0.00015  0.00006  0.00005  0.00005  0.00014  0.00012  0.00002  0.00000
0.00001  0.00003  0.00003  0.00002  0.00004  0.00007  0.00010  0.00009  0.00011  0.00021  0.00023  0.00047  0.00041  0.00057  0.00079  0.00147  0.00212  0.00126  0.00095  0.00063  0.00039  0.00042  0.00058  0.00027  0.00007  0.00009  0.00005  0.00013  0.00015  0.00007  0.00003  0.00005  0.00002  0.00006
0.00006  0.00005  0.00004  0.00003  0.00007  0.00010  0.00007  0.00009  0.00010  0.00014  0.00012  0.00021  0.00033  0.00049  0.00086  0.00128  0.00105  0.00083  0.00077  0.00059  0.00031  0.00041  0.00030  0.00026  0.00016  0.00000  0.00001  0.00009  0.00010  0.00006  0.00010  0.00004  0.00006  0.00010
0.00005  0.00003  0.00003  0.00005  0.00006  0.00008  0.00008  0.00016  0.00015  0.00010  0.00014  0.00018  0.00027  0.00047  0.00049  0.00073  0.00079  0.00051  0.00030  0.00052  0.00045  0.00009  0.00021  0.00021  0.00009  0.00004  0.00009  0.00007  0.00003  -0.00002  0.00004  0.00011  -0.00003  -0.00004
0.00005  0.00001  0.00008  0.00005  0.00000  0.00005  0.00006  0.00005  0.00012  0.00008  0.00016  0.00014  0.00022  0.00024  0.00036  0.00048  0.00058  0.00043  0.00025  0.00021  0.00019  0.00015  0.00015  0.00012  0.00016  0.00002  0.00009  0.00005  0.00003  0.00001  0.00009  0.00010  0.00003  0.00008
0.00001  -0.00002  -0.00000  0.00002  0.00001  0.00004  0.00005  0.00008  0.00010  0.00008  0.00011  0.00008  0.00012  0.00023  0.00024  0.00027  0.00027  0.00016  0.00011  0.00007  0.00015  0.00012  0.00009  0.00010  0.00017  0.00007  0.00009  0.00002  0.00004  -0.00000  -0.00001  0.00007  -0.00005  0.00007
0.00001  -0.00001  -0.00003  0.00005  0.00005  0.00001  0.00004  -0.00001  0.00009  0.00004  0.00001  0.00008  0.00021  0.00016  0.00035  0.00031  0.00013  0.00017  0.00006  0.00003  0.00007  0.00013  0.00005  0.00012  0.00017  0.00014  0.00002  0.00000  0.00006  0.00006  0.00002  0.00005  -0.00001  0.00007
0.00003  -0.00002  0.00007  -0.00002  0.00002  0.00001  0.00007  0.00005  0.00002  0.00002  0.00005  0.00002  0.00009  0.00020  0.00023  0.00021  0.00012  0.00010  0.00007  0.00010  0.00008  0.00011  0.00008  0.00003  0.00003  -0.00001  -0.00002  0.00002  0.00003  -0.00001  0.00002  0.00006  -0.00001  0.00005
-0.00002  -0.00005  0.00002  -0.00004  0.00001  0.00006  0.00005  0.00002  0.00006  -0.00001  0.00007  -0.00002  0.00011  0.00018  0.00019  0.00014  0.00002  0.00006  0.00006  0.00006  -0.00003  0.00002  0.00007  0.00012  0.00005  0.00003  0.00003  0.00010  0.00000  0.00008  0.00001  0.00005  -0.00003  0.00002
0.00005  -0.00004  -0.00000  0.00006  0.00006  0.00001  0.00000  0.00007  0.00008  0.00005  0.00010  0.00008  0.00014  0.00012  0.00017  0.00012  0.00007  -0.00001  0.00007  0.00008  0.00002  0.00009  0.00018  0.00009  0.00010  0.00005  -0.00002  0.00002  0.00001  -0.00002  -0.00008  0.00000  -0.00002  -0.00001
0.00008  0.00001  0.00000  0.00000  0.00002  0.00003  0.00002  0.00001  0.00003  0.00006  0.00000  0.00010  0.00008  0.00005  0.00004  0.00002  0.00005  0.00004  0.00004  0.00002  0.00009  0.00014  0.00005  0.00007  -0.00000  0.00007  -0.00000  0.00009  -0.00001  -0.00003  0.00001  0.00004  -0.00000  0.00002
-0.00000  0.00005  0.00007  0.00002  0.00000  -0.00001  -0.00001  0.00004  0.00006  0.00003  0.00004  0.00008  0.00011  0.00009  0.00003  0.00002  0.00001  0.00002  0.00004  0.00009  0.00002  0.00002  0.00012  0.00004  0.00004  0.00007  0.00005  0.00001  0.00001  0.00001  0.00004  0.00004  0.00001  0.00006
0.00006  0.00003  -0.00001  0.00005  0.00002  0.00006  0.00003  0.00006  0.00004  0.00007  0.00006  0.00001  0.00010  0.00007  0.00006  0.00008  0.00005  -0.00002  0.00000  0.00009  0.00005  -0.00001  0.00011  0.00009  -0.00000  -0.00002  0.00007  0.00002  0.00002  0.00004  -0.00001  0.00012  -0.00002  0.00001
-0.00001  0.00004  0.00000  0.00005  -0.00002  0.00009  0.00000  -0.00001  0.00008  0.00001  -0.00001  0.00006  0.00001  0.00007  0.00004  -0.00001  0.00004  0.00005  0.00005  -0.00003  0.00011  0.00009  0.00008  0.00001  0.00003  -0.00001  0.00003  0.00005  -0.00001  0.00008  -0.00004  0.00001  -0.00003  0.00005
