5.771808269725082130e-04 5.484728931449249240e-04 9.984604114790444733e-04 9.966459235447337403e-04 1.131609192891928342e-03 1.532607782653042485e-03 2.028975778396074296e-03 2.101017836058587541e-03 1.524704080809364398e-03 7.854806483995985201e-04 5.061358394125122688e-04
5.541117287922692983e-04 7.445700836001414120e-04 1.215884322605521265e-03 1.238482083092152901e-03 1.863552716064696343e-03 2.135131556615659561e-03 2.933042894564133994e-03 3.599348214974565537e-03 2.744794761720249863e-03 1.577417550278334630e-03 9.349393608237795746e-04
8.283297111035741811e-04 1.102669956765788039e-03 1.414086937866804129e-03 1.768317051217650933e-03 5.538936508969739998e-03 8.174550098328006373e-03 8.215795265481688411e-03 6.711352218054331825e-03 3.929037578627493817e-03 2.284686333101269406e-03 1.267722486288798064e-03
9.069066201136668712e-04 1.579398715597150199e-03 2.139427491539343251e-03 7.446658981445274973e-03 1.365150158355717125e-02 1.441178001257872703e-02 1.988978445972796813e-02 1.672571373535383654e-02 6.969929224545741951e-03 3.225738861470512676e-03 1.806115140426817374e-03
2.196474073971355426e-03 4.091288530795382690e-03 7.203846461709880258e-03 1.213291591015116730e-02 1.171730535285413731e-02 4.265528776863660582e-02 2.716661715158983498e-02 1.950621189071002556e-02 9.510055136843865997e-03 3.084055599130076323e-03 2.039657103958776758e-03
3.542972334353255721e-03 5.492214442729410027e-03 1.461764155346482671e-02 2.485762386625962883e-02 5.798651313175735150e-02 1.731903033044185913e-01 6.165730805673061421e-02 1.339165453531855968e-02 1.016970334255580879e-02 3.649932805035457830e-03 2.378686888587088974e-03
3.638866724192955319e-03 5.507696975227206575e-03 1.501320591155358777e-02 2.595977807129821319e-02 2.290395033520561952e-02 4.548850388476852885e-02 1.383627394399663396e-02 1.833126358364231198e-02 9.637625715250773897e-03 4.579575917111482035e-03 2.923763355747162427e-03
2.243989354890339391e-03 3.957377724334178344e-03 6.610352709521562925e-03 1.246801729845965073e-02 1.020050871664409178e-02 1.097787656791825162e-02 1.883290512208221634e-02 1.565623129188272247e-02 4.526363912591252828e-03 3.065139712125112929e-03 1.774725646941638499e-03
1.163367223049134071e-03 2.262198609630456346e-03 2.333706451304608763e-03 3.566429431534849821e-03 5.712043947664286435e-03 6.824894948322220850e-03 6.107186621950932287e-03 3.140216895094687967e-03 2.211521199229689750e-03 1.910723164430708221e-03 1.109035136524350604e-03
6.405149893628117423e-04 1.212248110742662408e-03 1.337817562467341842e-03 1.496389635358074842e-03 2.379208129689230553e-03 2.831936093703016442e-03 2.892104633372939975e-03 2.276575532112173634e-03 2.314794556572327949e-03 1.455764019021349182e-03 6.416575279012068107e-04
3.624377269524992409e-04 5.779775348897598980e-04 7.993862331877085291e-04 9.746732032499955123e-04 1.900151127332696133e-03 2.085959233016290368e-03 1.464104625206746110e-03 1.158623654550896892e-03 1.131067990426372783e-03 6.967968020590340579e-04 3.952202740869161413e-04
