0.000000000000000000e+00 0.000000000000000000e+00 0.000000000000000000e+00 0.000000000000000000e+00 0.000000000000000000e+00 0.000000000000000000e+00 0.000000000000000000e+00 0.000000000000000000e+00 0.000000000000000000e+00 0.000000000000000000e+00 0.000000000000000000e+00 0.000000000000000000e+00 0.000000000000000000e+00 0.000000000000000000e+00 0.000000000000000000e+00 0.000000000000000000e+00 0.000000000000000000e+00
0.000000000000000000e+00 0.000000000000000000e+00 0.000000000000000000e+00 0.000000000000000000e+00 0.000000000000000000e+00 0.000000000000000000e+00 0.000000000000000000e+00 0.000000000000000000e+00 0.000000000000000000e+00 0.000000000000000000e+00 0.000000000000000000e+00 0.000000000000000000e+00 0.000000000000000000e+00 0.000000000000000000e+00 0.000000000000000000e+00 0.000000000000000000e+00 0.000000000000000000e+00
0.000000000000000000e+00 0.000000000000000000e+00 0.000000000000000000e+00 0.000000000000000000e+00 0.000000000000000000e+00 1.477327790000000055e-04 2.723555640000000270e-04 4.085504650000000224e-04 5.126995069999999580e-04 5.491961799999999904e-04 4.049898140000000217e-04 2.287375899999999893e-04 1.575245700000000042e-04 0.000000000000000000e+00 0.000000000000000000e+00 0.000000000000000000e+00 0.000000000000000000e+00
0.000000000000000000e+00 0.000000000000000000e+00 0.000000000000000000e+00 0.000000000000000000e+00 2.038130330000000121e-04 3.925275360000000176e-04 6.426632680000000366e-04 1.053918459999999939e-03 1.360134440000000016e-03 1.385058999999999900e-03 1.118010179999999942e-03 6.907320569999999887e-04 3.426784220000000090e-04 1.833392890000000116e-04 0.000000000000000000e+00 0.000000000000000000e+00 0.000000000000000000e+00
0.000000000000000000e+00 0.000000000000000000e+00 0.000000000000000000e+00 1.388311520000000019e-04 3.480193980000000119e-04 7.939909360000000065e-04 1.716199540000000077e-03 2.969548700000000045e-03 4.189961830000000012e-03 4.309243630000000012e-03 3.148471410000000005e-03 1.745574919999999964e-03 7.939909360000000065e-04 3.328866309999999832e-04 1.619753830000000079e-04 0.000000000000000000e+00 0.000000000000000000e+00
0.000000000000000000e+00 0.000000000000000000e+00 1.272590360000000009e-04 2.492113330000000210e-04 6.791599409999999606e-04 1.819458419999999983e-03 4.231799480000000314e-03 8.555319949999999271e-03 1.257707530000000060e-02 1.277291109999999924e-02 8.498349540000000105e-03 4.123199620000000259e-03 1.589796430000000108e-03 6.328714779999999526e-04 2.741358900000000253e-04 0.000000000000000000e+00 0.000000000000000000e+00
0.000000000000000000e+00 0.000000000000000000e+00 1.842294520000000108e-04 4.966765770000000114e-04 1.267557519999999976e-03 3.432433329999999908e-03 9.175763389999999284e-03 2.018529629999999894e-02 3.056993490000000160e-02 2.930234320000000073e-02 1.845481989999999892e-02 7.966032209999999655e-03 2.779053870000000072e-03 9.738038109999999853e-04 3.773947689999999889e-04 0.000000000000000000e+00 0.000000000000000000e+00
0.000000000000000000e+00 0.000000000000000000e+00 2.679047509999999961e-04 6.595763610000000094e-04 1.889781280000000065e-03 5.663181179999999919e-03 1.571667930000000130e-02 3.391694690000000151e-02 4.920638220000000257e-02 4.693646719999999828e-02 2.858131129999999867e-02 1.160501750000000019e-02 3.778706640000000210e-03 1.300493540000000016e-03 4.530586029999999738e-04 0.000000000000000000e+00 0.000000000000000000e+00
0.000000000000000000e+00 0.000000000000000000e+00 2.919391449999999741e-04 8.126843540000000359e-04 2.455924789999999833e-03 7.147082479999999731e-03 1.901829290000000075e-02 3.862590779999999779e-02 5.319876219999999933e-02 4.996124030000000105e-02 3.049249080000000084e-02 1.250853269999999996e-02 4.118748810000000433e-03 1.412654049999999967e-03 5.260519480000000426e-04 0.000000000000000000e+00 0.000000000000000000e+00
0.000000000000000000e+00 0.000000000000000000e+00 3.052915860000000045e-04 8.117941910000000096e-04 2.458595279999999800e-03 6.759861689999999666e-03 1.613060499999999925e-02 3.063936759999999829e-02 4.054064789999999724e-02 3.752655679999999938e-02 2.329819539999999911e-02 1.025731109999999946e-02 3.618477340000000094e-03 1.251534589999999921e-03 5.064683679999999830e-04 0.000000000000000000e+00 0.000000000000000000e+00
0.000000000000000000e+00 0.000000000000000000e+00 2.776965410000000259e-04 7.085353119999999918e-04 1.881769819999999909e-03 4.875387140000000431e-03 1.055729600000000074e-02 1.824118079999999947e-02 2.300177119999999992e-02 2.115468350000000025e-02 1.384555720000000059e-02 6.636129059999999920e-03 2.521796829999999913e-03 9.310759989999999780e-04 3.631521649999999864e-04 0.000000000000000000e+00 0.000000000000000000e+00
0.000000000000000000e+00 0.000000000000000000e+00 1.958015680000000118e-04 4.583995789999999767e-04 1.215037919999999985e-03 2.779944029999999785e-03 5.610661579999999711e-03 8.878449030000000811e-03 1.071485479999999962e-02 9.830033009999999266e-03 6.713573219999999578e-03 3.482282440000000149e-03 1.541727649999999903e-03 6.337616409999999789e-04 2.287375899999999893e-04 0.000000000000000000e+00 0.000000000000000000e+00
0.000000000000000000e+00 0.000000000000000000e+00 1.165770829999999991e-04 3.008407719999999777e-04 7.040844979999999649e-04 1.434017949999999994e-03 2.510224719999999861e-03 3.877514700000000113e-03 4.454340159999999570e-03 4.118748810000000433e-03 2.955306090000000066e-03 1.657448800000000007e-03 7.761876810000000034e-04 3.222046779999999814e-04 1.708770110000000075e-04 0.000000000000000000e+00 0.000000000000000000e+00
0.000000000000000000e+00 0.000000000000000000e+00 0.000000000000000000e+00 1.512934300000000061e-04 3.195341900000000070e-04 6.435534309999999545e-04 1.060149600000000018e-03 1.463393319999999921e-03 1.709968409999999958e-03 1.528375200000000071e-03 1.187442869999999918e-03 6.773796160000000125e-04 3.489095609999999840e-04 1.904605910000000128e-04 0.000000000000000000e+00 0.000000000000000000e+00 0.000000000000000000e+00
0.000000000000000000e+00 0.000000000000000000e+00 0.000000000000000000e+00 0.000000000000000000e+00 1.236983850000000003e-04 2.874883310000000015e-04 4.432668120000000022e-04 5.776813879999999953e-04 5.723404110000000506e-04 5.046880420000000389e-04 4.308045339999999981e-04 3.106325630000000035e-04 1.415016400000000034e-04 0.000000000000000000e+00 0.000000000000000000e+00 0.000000000000000000e+00 0.000000000000000000e+00
0.000000000000000000e+00 0.000000000000000000e+00 0.000000000000000000e+00 0.000000000000000000e+00 0.000000000000000000e+00 0.000000000000000000e+00 0.000000000000000000e+00 0.000000000000000000e+00 0.000000000000000000e+00 0.000000000000000000e+00 0.000000000000000000e+00 0.000000000000000000e+00 0.000000000000000000e+00 0.000000000000000000e+00 0.000000000000000000e+00 0.000000000000000000e+00 0.000000000000000000e+00
0.000000000000000000e+00 0.000000000000000000e+00 0.000000000000000000e+00 0.000000000000000000e+00 0.000000000000000000e+00 0.000000000000000000e+00 0.000000000000000000e+00 0.000000000000000000e+00 0.000000000000000000e+00 0.000000000000000000e+00 0.000000000000000000e+00 0.000000000000000000e+00 0.000000000000000000e+00 0.000000000000000000e+00 0.000000000000000000e+00 0.000000000000000000e+00 0.000000000000000000e+00
